0.2800627
0.3436307
0.2349116
0.3106201
0.2476461
0.3146473
0.2569479
0.3340753
0.3007185
0.2578588
0.2366403
0.3369816
0.3213199
0.2523900
0.2903328
0.2818925
0.3472572
0.3467255
0.2481365
0.2509590
0.2826590
0.3388115
0.3305211
0.2452559
0.2516095
0.2362063
0.3134512
0.3324261
0.2614401
0.2740519
0.3799936
0.3490662
0.3516316
0.3163230
0.2476461
0.2937082
0.3433402
0.3391405
0.2044335
0.3329715
0.2465515
0.3071064
0.3329760
0.2919589
0.3510318
0.2494554
0.3652823
0.2970719
0.2884917
0.2713394
0.2649307
0.2863085
0.2464012
0.2506528
0.3323325
0.3414100
0.3004334
0.2556925
0.3472572
0.2764165
0.2446596
0.2671660
0.3429681
0.3252741
0.3472572
0.2189261
0.3003463
0.2294910
0.3011912
0.3455475
0.3663422
0.2822566
0.3033908
0.3465153
0.3384656
0.2993270
0.2931143
0.3419563
0.2986686
0.3445149
0.2485077
0.2252540
0.2610946
0.3619630
0.2929557
0.3605631
0.2790384
0.3766786
0.3305211
0.2613602
0.2498002
0.2479176
0.2425743
0.2619135
0.2577815
0.2415090
0.3726340
0.3157771
0.2816283
0.2461100
0.2995937
0.3096848
0.2595610
0.2465515
0.2521461
0.3035982
0.3310657
0.3123045
0.2464012
0.3121305
0.3068517
0.2580531
0.3124596
0.2544505
0.2589133
0.3086746
0.3074690
0.2482784
0.2895675
0.2813928
0.3335486
0.2334993
0.2813306
0.2290563
0.2581552
0.2521594
0.3557551
0.3410739
0.3075099
0.2971529
0.2421218
0.3291137
0.2604026
0.2519930
0.2502869
0.3087690
0.3350465
0.2890873
0.2622969
0.3032099
0.3107236
0.3419002
0.3755115
0.3470769
0.3170013
0.3150088
0.3799936
0.3438939
0.3723370
0.3044413
0.2674283
0.2900542
0.3760254
0.3462574
0.2906496
0.3462574
0.2641221
0.2463285
0.2452521
0.3001859
0.3304752
0.3073515
0.2478830
0.2272572
0.2553927
0.2587701
0.3284621
0.3156217
0.3151010
0.3010884
0.3095312
0.2557236
0.2718702
0.3439818
0.3071936
0.2611891
0.2286214
0.3002432
0.2299513
0.2361565
0.3450593
0.2544947
0.2527097
0.3052609
0.2493201
0.2550327
0.2861421
0.2761498
0.2665562
0.3285797
0.3670953
0.3516189
0.2641437
0.2504168
0.2494554
0.3318246
0.2526640
0.3439287
0.3565072
0.2480538
0.3041129
0.3508712
0.2686375
0.2672127
0.3001036
0.2204500
0.2425884
0.3341825
0.2452521
0.3209219
0.3022344
0.2501459
0.2955708
0.2751893
0.3321078
0.3396892
0.3306972
0.3306972
0.2686375
0.2519117
0.2263757
0.2812445
0.2653943
0.3184961
0.3412496
0.2465515
0.2454224
0.3306972
0.3260354
0.2465515
0.2739230
0.3232527
0.3028666
0.3113145
0.3472572
0.3381767
0.3319994
0.2849982
0.2507770
0.3132374
0.3304377
0.3092772
0.3347664
0.3353123
0.3352923
0.2458712
0.2770263
0.3472572
0.3717761
0.3115486
0.3087177
0.2682089
0.2191182
0.2419697
0.3290030
0.2331867
0.3409535
0.2229106
0.3336426
0.3017405
0.3517504
0.2870597
0.2415090
0.2493201
0.3350136
0.2582710
0.2425884
0.2937759
0.3687662
0.3121623
0.3127297
0.2642319
0.3311031
0.3647776
0.2500812
0.3419379
0.3448576
0.3168061
0.3378101
0.3326211
0.2465515
0.3752966
0.2576003
0.2569474
0.3436307
0.3451453
0.2807502
0.2465094
0.2967985
0.2935474
0.3178925
0.3462574
0.2882351
0.3002270
0.2470110
0.2464012
0.3046008
0.2291593
0.3230944
0.3801346
0.2924213
0.2491034
0.2792234
0.2861180
0.3159324
0.2376401
0.2774869
0.2553613
0.3462574
0.3433254
0.2576792
0.3472572
0.2968015
0.3768931
0.3242743
0.3128439
0.2565499
0.3240803
0.3174377
0.2502352
0.3470769
0.2899023
0.3661878
0.3169801
0.3192482
0.3289900
0.2922068
0.2470110
0.2494554
0.3507236
0.2904362
0.3097790
0.2921739
0.3177464
0.3462574
0.2878774
0.3419563
0.3445523
0.2826590
0.3207550
0.2507391
0.3575797
0.3609941
0.2541192
0.2191182
0.2519396
0.3330418
0.2485260
0.2547736
0.2362026
0.2279649
0.2295332
0.3271569
0.3008688
0.2290563
0.2422540
0.3030346
0.2643101
0.2471729
0.2549972
0.2743035
0.3105532
0.2562821
0.2476461
0.3710870
0.3435225
0.3702038
0.3806571
0.2898781
0.2970719
0.2791183
0.2467146
0.3009466
0.3670867
0.3044413
0.3302211
0.2743231
0.3499884
0.3042735
0.3277703
0.3711929
0.2499162
0.3166885
0.2527590
0.2318953
0.2553261
0.3795017
0.3361629
0.2878364
0.2651444
0.2415090
0.2510286
0.3273818
0.3068866
0.3766786
0.3409280
0.2893229
0.2513116
0.3282167
0.3141391
0.3381085
0.2590523
0.2824978
0.3561981
0.2828650
0.3722614
0.3799227
0.2387651
0.3331372
0.2493820
0.2616963
0.3009673
0.2970499
0.3413586
0.2993498
0.3305211
0.3106420
0.3358706
0.2970617
0.3291526
0.3830491
0.3155539
0.3004334
0.3427481
0.3232797
0.3242666
0.2139695
0.2407501
0.2458367
0.3036693
0.2892266
0.2925778
0.2282495
0.3729768
0.3238251
0.3429323
0.3278919
0.2955911
0.3387583
0.3472572
0.3345734
0.2476318
0.2647328
0.3352238
0.2495123
0.3012097
0.3621151
0.3461388
0.3838680
0.2928677
0.2953428
0.2572724
0.3044413
0.2931476
0.2425743
0.3279446
0.2510303
0.3437155
0.2625934
0.2989509
0.2295467
0.3577373
0.2934219
0.2496876
0.3306972
0.3465787
0.2717321
0.3242462
0.3625614
0.2608133
0.3463154
0.2948789
0.3752966
0.2668357
0.3041120
0.3476346
0.2773291
0.2243296
0.2454325
0.3026338
0.2605753
0.2903124
0.3451554
0.2980034
0.2351201
0.3708789
0.3388479
0.3559847
0.2881180
0.2707656
0.2946385
0.2389503
0.3004431
0.2989217
0.3462574
0.3089272
0.3114033
0.2576792
0.2802110
0.2810582
0.2458712
0.3687677
0.2449992
0.3450593
0.3342155
0.2578007
0.2843799
0.2303395
0.3769950
0.2626524
0.2890031
0.3657831
0.2939238
0.3157642
0.3472572
0.2477869
0.3051596
0.2465515
0.2836354
0.3337756
0.2428220
0.2474523
0.3053707
0.2569028
0.2580943
0.2553927
0.2634037
0.2562116
0.2930444
0.3107287
0.3468925
0.3109857
0.3490025
0.3078414
0.2725079
0.3080932
0.3332018
0.2585886
0.2502084
0.2471403
0.2589280
0.2357784
0.3124596
0.3795017
0.3094876
0.2433734
0.2489866
0.2667790
0.3236588
0.3002001
0.3039147
0.2557514
0.3154860
0.3060098
0.3485371
0.3676027
0.2487484
0.2497460
0.2532559
0.3547063
0.2489869
0.3052033
0.2323338
0.2913171
0.2369659
0.3716226
0.3736795
0.2334993
0.2282495
0.2978516
0.2464651
0.3123975
0.2977005
0.2866201
0.2722021
0.2395109
0.2996294
0.2535154
0.3586601
0.3025583
0.3444277
0.3004534
0.3193679
0.3143437
0.3464181
0.3060018
0.2598299
0.3030783
0.2468022
0.3169847
0.2776040
0.3246053
0.3647848
0.3353907
0.3470769
0.2826590
0.2526952
0.3411071
0.2732798
0.2763622
0.3436228
0.2865283
0.2478830
0.2985422
0.3399330
0.2389609
0.3305211
0.2572923
0.3662929
0.2960539
0.3382867
0.3209640
0.2422540
0.3442481
0.2778743
0.3353468
0.3802795
0.2994810
0.2661516
0.3763742
0.2305784
0.3607654
0.2537387
0.2658878
0.3465611
0.2907472
0.2465515
0.3343229
0.3113145
0.3455587
0.2770013
0.3731641
0.2425884
0.2957387
0.2524782
0.2412437
0.3285473
0.2536256
0.2887930
0.3259192
0.3028666
0.2463285
0.3557982
0.2542900
0.3096304
0.3241165
0.3299338
0.2772204
0.3366724
0.2686331
0.3444277
0.2353349
0.3025637
0.2564009
0.2472820
0.2422540
0.2423973
0.2476318
0.2369581
0.2471729
0.3436307
0.2476318
0.2922068
0.2994810
0.3031686
0.3396175
0.3510625
0.2526781
0.3005565
0.3034830
0.2541386
0.3613250
0.3132374
0.3012607
0.2578490
0.2674283
0.2547777
0.3404946
0.3462574
0.3337809
0.2913952
0.3045705
0.3163063
0.3311608
0.2757972
0.3090935
0.3561544
0.2961309
0.2641648
0.3337756
0.2465094
0.3133810
0.2359176
0.3401806
0.3445523
0.2775655
0.3470769
0.3310191
0.3017357
0.3636624
0.3041536
0.2518962
0.2550633
0.2428220
0.3050575
0.2892266
0.2334993
0.2465515
0.3433199
0.2292649
0.2204500
0.3338147
0.3806571
0.2507770
0.2504010
0.3022344
0.2502402
0.2473070
0.3470769
0.2284180
0.3110481
0.2748832
0.2654870
0.3561981
0.2997098
0.2658627
0.2603534
0.3468925
0.3417331
0.2415090
0.2884759
0.3567175
0.3470769
0.3723370
0.3210261
0.2334993
0.3318903
0.2962099
0.3433892
0.2583039
0.2724503
0.2421218
0.2930444
0.3411071
0.3010935
0.3198770
0.3626747
0.2744920
0.3308193
0.3573210
0.3009261
0.2467024
0.2770127
0.3462470
0.2824978
0.3031470
0.3282963
0.3039147
0.2934821
0.2727774
0.3310657
0.2906736
0.3070361
0.3107534
0.3701531
0.3010936
0.2560780
0.3147348
0.3467494
0.3413409
0.3105137
0.2973621
0.2425440
0.3388464
0.2824978
0.2724623
0.3436293
0.2974253
0.2452559
0.2279649
0.2417002
0.3213199
0.3223774
0.2465515
0.3071896
0.2376401
0.3443329
0.3367285
0.2612594
0.2548690
0.2476318
0.3161019
0.3470769
0.2974926
0.2541558
0.3096304
0.2422540
0.3308193
0.3709259
0.3473823
0.3488148
0.3068511
0.2487833
0.2533120
0.3310657
0.2414888
0.3010309
0.2491783
0.2838479
0.3454070
0.3095221
0.3687662
0.3758104
0.2851939
0.2784644
0.2924462
0.3416227
0.3136093
0.3613073
0.3055555
0.2476011
0.2900644
0.2290563
0.3384656
0.2889300
0.2327045
0.2523924
0.3357796
0.2893075
0.2779124
0.3034943
0.3640192
0.3394195
0.3306972
0.2983307
0.2490951
0.3242462
0.2491783
0.3081520
0.2982757
0.2797911
0.2825423
0.2396356
0.3473823
0.3030569
0.2974907
0.3010770
0.3124596
0.2240009
0.2295332
0.2189261
0.2358880
0.2708435
0.3223148
0.2497058
0.2997731
0.2968877
0.3440696
0.2788145
0.3055202
0.2881447
0.3096103
0.3073609
0.3030346
0.2869381
0.3262153
0.3473823
0.3560083
0.2544848
0.3031532
0.2216791
0.2774466
0.3476346
0.2476318
0.2476318
0.3295067
0.3413625
0.3417467
0.3087147
0.2957674
0.2487514
0.2248719
0.2832587
0.3329715
0.2272572
0.2504043
0.3462574
0.3429323
0.2970798
0.2473070
0.3534073
0.3028666
0.2473070
0.2502284
0.3462574
0.3086089
0.3462994
0.2581421
0.2667480
0.2504085
0.3028666
0.3253857
0.2995588
0.2671759
0.3632236
0.3462593
0.2191199
0.3732047
0.3757625
0.2480538
0.2278457
0.3672482
0.3339525
0.2819046
0.2248719
0.2282884
0.3041731
0.3317197
0.3602141
0.2814766
0.2468796
0.3228735
0.2913089
0.2673932
0.2468277
0.3761001
0.3403215
0.3426832
0.3577455
0.3752966
0.2497714
0.2414125
0.2414696
0.3187267
0.3731301
0.2981489
0.2461996
0.3442538
0.3472116
0.3151039
0.2677741
0.2610969
0.3372358
0.2452559
0.2516037
0.3557945
0.2625536
0.3010680
0.3647661
0.3433575
0.2657261
0.2648377
0.3584545
0.2395955
0.3375868
0.3761094
0.3074670
0.2199866
0.2531503
0.3695178
0.2415090
0.3390739
0.3400629
0.2419762
0.3667817
0.3465186
0.3423667
0.2939765
0.2477869
0.2479727
0.2476318
0.3757625
0.3409919
0.3472572
0.2612594
0.3395650
0.2623315
0.2506615
0.2800201
0.3795828
0.3306972
0.3768931
0.3757186
0.3086047
0.3282963
0.2844170
0.2624045
0.3397300
0.3089756
0.3399402
0.3222184
0.3653075
0.2661050
0.3433402
0.3472572
0.3412859
0.3161514
0.3207936
0.2296011
0.2364549
