0.3023421
0.2938410
0.2950664
0.2906203
0.3006840
0.2892948
0.3022242
0.2953882
0.2896245
0.2891817
0.2918164
0.2986687
0.2910065
0.2946926
0.2897095
0.2978149
0.2940259
0.3017032
0.2991161
0.2970148
0.2920713
0.3004580
0.2965121
0.3006705
0.3042609
0.2961168
0.2912278
0.3054724
0.2894539
0.3048672
0.3001244
0.2994460
0.2999740
0.2949894
0.3004876
0.2949744
0.2920767
0.2996319
0.2938468
0.2949303
0.3016908
0.2910496
0.3046433
0.2901359
0.3015980
0.2924492
0.3032447
0.2977717
0.2980961
0.2972487
0.3029893
0.2896330
0.3005484
0.2918908
0.2952959
0.2930412
0.2925043
0.2964449
0.2919170
0.2981380
0.2969110
0.3014206
0.2994947
0.3013967
0.2946572
0.2943010
0.2965936
0.2945191
0.2982469
0.3009827
0.3015512
0.2948558
0.2969142
0.2993887
0.2997355
0.2952862
0.3027823
0.2937512
0.3047274
0.3030333
0.2920077
0.2936120
0.3033445
0.3029563
0.2897208
0.3008834
0.3021358
0.3007146
0.2961886
0.2987176
0.3050001
0.2956820
0.3023316
0.2923467
0.2926256
0.3015550
0.3026043
0.3025590
0.2973176
0.2964153
0.2893224
0.2901034
0.2984156
0.3007092
0.2920624
0.2902155
0.2971097
0.2895669
0.3007724
0.2992545
0.3045081
0.3015399
0.2907391
0.2921433
0.3004622
0.2966942
0.2957104
0.2908257
0.2902053
0.2948497
0.2981951
0.2921307
0.2915574
0.2932123
0.2957032
0.2986379
0.2998010
0.2951711
0.2982170
0.2983352
0.3014661
0.2959072
0.2988315
0.3013633
0.3044692
0.2886303
0.2911832
0.2915857
0.2984527
0.2975974
0.2908387
0.3026530
0.3019093
0.2926660
0.3010123
0.2900720
0.3005297
0.2944527
0.3023030
0.2968952
0.3010625
0.2980351
0.3018767
0.2914403
0.2894860
0.2914451
0.2963955
0.3034282
0.3038236
0.2895497
0.2975550
0.2956757
0.3005601
0.2934956
0.2991233
0.2905789
0.2957337
0.2888906
0.2895946
0.3003713
0.2947778
0.2990400
0.2959265
0.3019445
0.2961054
0.2891726
0.2932484
0.2986966
0.2932850
0.3021970
0.3019788
0.2889286
0.3047612
0.2909815
0.3040728
0.2919631
0.3020532
0.2920739
0.2991571
0.2968326
0.2998780
0.3025774
0.2921004
0.3027234
0.2924433
0.2956764
0.3047896
0.3009076
0.3005714
0.2994467
0.3005752
0.3027234
0.2941655
0.2901088
0.2967757
0.2936913
0.3023083
0.2885032
0.3037423
0.2986551
0.2966078
0.2889668
0.3041159
0.2979655
0.3041120
0.3029575
0.2970229
0.2963194
0.2915772
0.2995872
0.2933741
0.2928946
0.3038796
0.2949339
0.2927308
0.3009309
0.2949565
0.2964335
0.2975908
0.3001112
0.2898780
0.2910957
0.2925695
0.2892966
0.2928398
0.3030900
0.3058404
0.2893276
0.3042357
0.2909536
0.3043985
0.3034774
0.2948931
0.3040887
0.2995407
0.3033113
0.2964962
0.2928880
0.3015372
0.2904079
0.2968476
0.3014891
0.2937320
0.3011548
0.2951577
0.2957246
0.2883574
0.2937951
0.3040469
0.2988526
0.3034648
0.2913920
0.3017339
0.3043621
0.3012873
0.2987241
0.3015750
0.2901136
0.3002354
0.2907502
0.3031979
0.2931826
0.2950794
0.3028140
0.3041936
0.2992898
0.2885708
0.2974724
0.2934363
0.2954605
0.3011675
0.3007199
0.3025306
0.2926143
0.2910910
0.2912024
0.2932891
0.2973585
0.2930350
0.2909447
0.3051032
0.2923820
0.2998585
0.2983526
0.2973735
0.3003443
0.3029331
0.2928284
0.2895153
0.3003754
0.2979298
0.2956088
0.2977398
0.2908703
0.2964983
0.2918173
0.2894427
0.3009648
0.2913662
0.3019213
0.2984131
0.2945705
0.2908465
0.3022058
0.3008837
0.2949151
0.2890558
0.3049384
0.2908401
0.2991616
0.2913260
0.2981081
0.3025167
0.2932683
0.3041130
0.3048838
0.2892420
0.2974283
0.2923016
0.2997804
0.2894593
0.2903235
0.2973398
0.2899886
0.2915745
0.2998196
0.2918328
0.2937287
0.2944366
0.3056527
0.3045311
0.3043847
0.2993918
0.2994081
0.2939281
0.2932621
0.2997769
0.2919913
0.2974184
0.2961044
0.2936562
0.2949124
0.2955130
0.3043277
0.2941909
0.3024718
0.2917125
0.2952500
0.2993389
0.2948488
0.2971066
0.2903078
0.2914795
0.2999745
0.3031960
0.3039246
0.3015969
0.2999091
0.2987022
0.2977480
0.2983890
0.3021748
0.2895181
0.2998174
0.2969863
0.3028967
0.2946518
0.3025632
0.2973412
0.2915301
0.3032185
0.2927106
0.2943412
0.2972003
0.2925242
0.2956352
0.3001624
0.2991166
0.2899763
0.2962750
0.3022461
0.3005783
0.2901423
0.2969629
0.3005453
0.3033479
0.2978503
0.2965087
0.2956985
0.2907414
0.2993465
0.2942136
0.2925615
0.3000999
0.2890998
0.3041091
0.2996950
0.2903815
0.2909817
0.2890520
0.3049606
0.2976499
0.3039460
0.2984606
0.2981931
0.2966314
0.2890915
0.2937845
0.2976462
0.2959503
0.3010088
0.3011987
0.2925636
0.2931534
0.2894757
0.2951963
0.2936523
0.2965265
0.3035618
0.2973964
0.2939901
0.2981546
0.2926955
0.3020902
0.3012657
0.3018866
0.2921222
0.2895997
0.3020661
0.2940795
0.2919586
0.3004344
0.2913084
0.2916798
0.2915510
0.2972495
0.3039811
0.2950878
0.2887548
0.2961603
0.3031215
0.2987198
0.2972189
0.2968122
0.3020066
0.3047819
0.3042179
0.2926114
0.2983744
0.3049337
0.2932566
0.2981541
0.2979323
0.3043584
0.2959165
0.2919990
0.2987073
0.2934993
0.3032088
0.2988202
0.2899678
0.2894013
0.2999734
0.3022023
0.2912985
0.2947995
0.2985440
0.2939775
0.2948308
0.2973527
0.2984496
0.2902338
0.2918828
0.3036757
0.2928375
0.3039508
0.3050002
0.3023816
0.2975625
0.3003416
0.2972751
0.2943472
0.2899831
0.3026752
0.2941763
0.2905469
0.3039306
0.2985386
0.3028301
0.2915190
0.3034876
0.3003114
0.2946182
0.3014581
0.2995385
0.3007984
0.2931849
0.2915633
0.3009436
0.3030230
0.2896160
0.3027172
0.3020285
0.2887040
0.2926546
0.2916198
0.3041806
0.3015624
0.2896638
0.2949592
0.3020214
0.3013378
0.2888813
0.2991564
0.3024267
0.2998664
0.3027156
0.2997664
0.2999532
0.2902712
0.2998170
0.2905102
0.2951617
0.2905679
0.3010713
0.2978090
0.3002706
0.2965501
0.3039616
0.2940310
0.3014947
0.3026720
0.2904745
0.3014359
0.2890821
0.2932595
0.2924240
0.2886289
0.2905949
0.2902226
0.2906508
0.2920420
0.3022698
0.2962664
0.2941594
0.3016219
0.2922843
0.2964905
0.2956987
0.2987721
0.2964851
0.2980339
0.2928704
0.3039439
0.3027061
0.3030651
0.3011617
0.2928478
0.2933201
0.3050561
0.3042177
0.2907936
0.2973005
0.2907532
0.2957623
0.2904651
0.2919594
0.2969526
0.2990228
0.2895786
0.2941517
0.2889248
0.2901454
0.2903991
0.3028881
0.2910777
0.2990808
0.2899855
0.2996175
0.3006656
0.2915170
0.2996191
0.3032779
0.3048475
0.2928585
0.2924246
0.3045415
0.2934937
0.2974142
0.2978606
0.2950794
0.2985024
0.3003714
0.2942549
0.2940383
0.2948975
0.2964063
0.2960076
0.3000374
0.2978658
0.3001131
0.2967655
0.3023144
0.2939541
0.2925503
0.2914227
0.3010568
0.2893607
0.2965094
0.3013199
0.2915544
0.3021598
0.2953578
0.2962986
0.3014590
0.2896985
0.2998009
0.2954835
0.2893337
0.3027914
0.2942235
0.3028399
0.3017321
0.2978707
0.2963724
0.2967687
0.2902819
0.3018607
0.2900893
0.2960767
0.2921431
0.3033753
0.2999266
0.3010065
0.2908179
0.3011051
0.2952143
0.3023988
0.3038234
0.3045231
0.2940218
0.2955503
0.2984597
0.2964561
0.2960299
0.3016561
0.3026632
0.2992859
0.2913787
0.3012996
0.2938168
0.3011819
0.2893049
0.2893219
0.2889927
0.2996313
0.3033021
0.2988589
0.2930425
0.2901541
0.2988862
0.2999350
0.2911468
0.2953173
0.2958523
0.3017579
0.2995512
0.2995127
0.2943066
0.2995247
0.2981668
0.2989492
0.2886690
0.2960663
0.2997293
0.2925543
0.2979413
0.2964418
0.2984341
0.2955087
0.2969980
0.2972694
0.3030875
0.3049976
0.2939354
0.2916472
0.2947272
0.2943661
0.2984487
0.2999374
0.2901264
0.2964677
0.2917020
0.3019509
0.2905853
0.2949515
0.2911762
0.3011537
0.3027168
0.2944650
0.2949659
0.2959906
0.3004713
0.3039915
0.2967489
0.2969923
0.2992452
0.3010347
0.2915050
0.2931683
0.2997503
0.3037005
0.3050542
0.2988418
0.2972810
0.2925783
0.2978001
0.2996349
0.2983497
0.3029825
0.2979223
0.3014776
0.2916650
0.3032927
0.2909025
0.2939054
0.2954084
0.2940899
0.2949060
0.2936381
0.3048480
0.3012245
0.3001455
0.2935933
0.3039650
0.2917067
0.3001238
0.2967138
0.2963435
0.3016175
0.2972188
0.3007069
0.2977555
0.3014345
0.2910013
0.2906798
0.2908775
0.2903834
0.2894926
0.3042641
0.2968666
0.2899632
0.2974133
0.2906850
0.3019888
0.2975513
0.2971339
0.2887811
0.2994857
0.2979000
0.2911234
0.2953933
0.3021709
0.2881649
0.2929959
0.2961832
0.3018189
0.2977536
0.3010292
0.2933979
0.2943543
0.2912883
0.2904508
0.3017398
0.3021171
0.2936801
0.2937888
0.2997912
0.3045931
0.3044894
0.3003784
0.2904328
0.2934125
0.2973851
0.3025413
0.2907228
0.3022232
0.2964371
0.3017400
0.2934268
0.3035927
0.2989624
0.3008659
0.2940386
0.2962556
0.2945885
0.2895920
0.3001314
0.2898488
0.2991167
0.2906735
0.3014221
0.2994641
0.2973288
0.2910329
0.2894586
0.2889912
0.2907657
0.2997299
0.3027466
0.3008314
0.2916936
0.2947528
0.3007064
0.2900314
0.2953581
0.2995828
0.3042803
0.3012009
0.2910259
0.2904437
0.3040227
0.3015931
0.2962815
0.2902640
0.3012729
0.2937288
0.3013878
0.2905556
0.2974808
0.3024818
0.2886899
0.2924454
0.2921152
0.2993212
0.2893451
0.2924226
0.2905577
0.2957550
0.2945219
0.2940736
0.2940248
0.2956220
0.2958708
0.2945650
0.2983602
0.2982119
0.2986619
0.2976701
0.2974181
0.2971980
0.2979809
0.3023500
0.2922382
0.2931034
0.2954066
0.2930554
0.3012513
0.2931136
0.2890570
0.2931187
0.2921837
0.2933266
0.2995537
0.2996981
0.3010970
0.3033120
0.2953778
0.3025852
0.3013065
0.2951897
0.2925806
0.2922551
0.2950013
0.2933583
0.3015961
0.2920230
0.3015724
0.2939454
0.2999949
0.3012357
0.2921174
0.3007765
0.2950532
0.2935051
0.2888939
0.3027670
0.2946262
0.3039727
0.3035016
0.2925539
0.2978549
0.2905489
0.3027418
0.3031711
0.2989650
0.2942963
0.3035318
0.3020992
0.2998897
0.2936881
0.3024291
0.2957536
0.2917910
0.2939148
0.2923296
0.2914622
0.2997611
0.3024114
0.2985397
0.2957501
0.2898029
0.2968389
0.2904317
0.3002257
0.3009613
0.3050638
0.2995831
0.2999145
0.2995483
0.2886577
0.3030370
0.3017153
0.2890613
0.3004086
0.2893311
0.2918998
0.2897084
0.3035589
0.3043961
0.3040127
0.3047888
0.2921900
0.3005580
0.3002065
0.2884459
0.2957854
0.2899502
0.2987912
0.2994930
0.2912674
0.2956092
0.3011703
0.2964305
0.2916343
0.3022547
0.2904519
0.2937906
0.3042749
0.3018974
0.3029014
0.3052179
0.3025830
0.3019657
0.3004763
0.2933929
0.2985448
0.2985492
0.2929744
0.2941899
0.3005480
0.3008255
0.2912056
0.2947494
0.3044948
0.2929579
0.2986111
0.3036862
0.2941763
0.3004277
0.2960637
0.3022414
0.3021984
0.2901977
0.2909275
0.2974392
0.2896161
0.3001187
0.2941681
0.2934471
0.3048228
0.3028747
0.2962848
0.2943663
0.2950055
0.2931502
0.2893924
0.2991632
0.2936765
0.2942524
